%YAML:1.0
cameraMatrix: !!opencv-matrix
   rows: 3
   cols: 3
   dt: d
   data: [ 1.9426010982144019e+03, 0., 3.6994582519056462e+02, 0.,
       1.9165520788789597e+03, 6.5907703802175342e+02, 0., 0., 1. ]
imageSize_width: 800
imageSize_height: 600
sensorSize_width: 0
sensorSize_height: 0
distCoeffs: !!opencv-matrix
   rows: 5
   cols: 1
   dt: d
   data: [ -7.6526015410121662e-02, -4.8465736152355454e-01,
       -4.0571386003861367e-03, 1.2681073412614597e-03,
       2.0043858483657462e+00 ]
reprojectionError: 3.5424485802650452e-01
features:
   -
      - [ 180., 100., 270., 100., 360., 100., 450., 100., 225., 145.,
          315., 145., 405., 145., 495., 145., 180., 190., 270., 190.,
          360., 190., 450., 190., 225., 235., 315., 235., 405., 235.,
          495., 235., 180., 280., 270., 280., 360., 280., 450., 280. ]
   -
      - [ 180., 100., 270., 100., 360., 100., 450., 100., 225., 145.,
          315., 145., 405., 145., 495., 145., 180., 190., 270., 190.,
          360., 190., 450., 190., 225., 235., 315., 235., 405., 235.,
          495., 235., 180., 280., 270., 280., 360., 280., 450., 280. ]
   -
      - [ 180., 100., 270., 100., 360., 100., 450., 100., 225., 145.,
          315., 145., 405., 145., 495., 145., 180., 190., 270., 190.,
          360., 190., 450., 190., 225., 235., 315., 235., 405., 235.,
          495., 235., 180., 280., 270., 280., 360., 280., 450., 280. ]
   -
      - [ 180., 100., 270., 100., 360., 100., 450., 100., 225., 145.,
          315., 145., 405., 145., 495., 145., 180., 190., 270., 190.,
          360., 190., 450., 190., 225., 235., 315., 235., 405., 235.,
          495., 235., 180., 280., 270., 280., 360., 280., 450., 280. ]
   -
      - [ 180., 100., 270., 100., 360., 100., 450., 100., 225., 145.,
          315., 145., 405., 145., 495., 145., 180., 190., 270., 190.,
          360., 190., 450., 190., 225., 235., 315., 235., 405., 235.,
          495., 235., 180., 280., 270., 280., 360., 280., 450., 280. ]
   -
      - [ 1.43450150e+02, 5.77946838e+02, 1.48221939e+02, 4.24135864e+02,
          1.53118393e+02, 2.76934052e+02, 1.57961945e+02, 1.36626587e+02,
          2.27670334e+02, 5.00338013e+02, 2.30772202e+02, 3.49549622e+02,
          2.33839508e+02, 2.05675858e+02, 2.36754929e+02, 6.86623611e+01,
          3.09058807e+02, 5.78263611e+02, 3.10437988e+02, 4.24102448e+02,
          3.11699890e+02, 2.76643524e+02, 3.12825623e+02, 1.36221588e+02,
          3.91899384e+02, 5.00416565e+02, 3.91432983e+02, 3.49529205e+02,
          3.90746765e+02, 2.05595734e+02, 3.89908508e+02, 6.85763855e+01,
          4.74853333e+02, 5.78222473e+02, 4.72811829e+02, 4.24190460e+02,
          4.70395813e+02, 2.76831696e+02, 4.67744934e+02, 1.36460861e+02 ]
   -
      - [ 2.54304626e+02, 5.70791870e+02, 1.89852737e+02, 4.30842224e+02,
          1.28183105e+02, 2.96558014e+02, 6.95295334e+01, 1.68207336e+02,
          2.96761566e+02, 4.68637024e+02, 2.32347015e+02, 3.32708923e+02,
          1.70778625e+02, 2.02505539e+02, 1.12349190e+02, 7.85323639e+01,
          4.04919098e+02, 5.06754883e+02, 3.37975372e+02, 3.69366699e+02,
          2.73664215e+02, 2.37441254e+02, 2.12145218e+02, 1.11369698e+02,
          4.44763367e+02, 4.06362305e+02, 3.77949188e+02, 2.72930634e+02,
          3.13741882e+02, 1.45213806e+02, 2.52335983e+02, 2.33799477e+01,
          5.52451416e+02, 4.43690521e+02, 4.83275665e+02, 3.08905914e+02,
          4.16574585e+02, 1.79601349e+02, 3.52515320e+02, 5.59509850e+01 ]
   -
      - [ 3.02485313e+01, 5.30829773e+02, 3.24582253e+01, 3.80798676e+02,
          3.60786819e+01, 2.36222458e+02, 4.04650879e+01, 9.86319809e+01,
          1.11208282e+02, 4.53698303e+02, 1.13073334e+02, 3.05735413e+02,
          1.14980278e+02, 1.64287048e+02, 1.17381622e+02, 2.99086761e+01,
          1.91983536e+02, 5.28265076e+02, 1.92000259e+02, 3.77008331e+02,
          1.92124924e+02, 2.32188126e+02, 1.92346603e+02, 9.39698334e+01,
          2.72907104e+02, 4.49946350e+02, 2.71156128e+02, 3.01835144e+02,
          2.69611389e+02, 1.60276810e+02, 2.68064362e+02, 2.53308487e+01,
          3.55619812e+02, 5.24400085e+02, 3.52190826e+02, 3.73218414e+02,
          3.48761078e+02, 2.28245117e+02, 3.45366821e+02, 9.01292648e+01 ]
   -
      - [ 5.73355652e+02, 4.24409637e+01, 6.23351746e+02, 1.70070328e+02,
          6.75208862e+02, 3.03892883e+02, 7.28475952e+02, 4.43556610e+02,
          5.25937927e+02, 1.24093330e+02, 5.75479614e+02, 2.55964523e+02,
          6.26970215e+02, 3.93984131e+02, 6.79852112e+02, 5.37675232e+02,
          4.29667908e+02, 7.88940353e+01, 4.76762085e+02, 2.08697403e+02,
          5.25878723e+02, 3.44758850e+02, 5.76949707e+02, 4.86971130e+02,
          3.79272797e+02, 1.62179138e+02, 4.25904999e+02, 2.96158813e+02,
          4.74561951e+02, 4.36418701e+02, 5.25165405e+02, 5.82755432e+02,
          2.83194031e+02, 1.16491913e+02, 3.27224854e+02, 2.48275482e+02,
          3.73362549e+02, 3.86458893e+02, 4.21551025e+02, 5.30890503e+02 ]
   -
      - [ 4.88043610e+02, 2.76551609e+01, 5.74398315e+02, 1.38532501e+02,
          6.63801025e+02, 2.54172470e+02, 7.55941467e+02, 3.74359436e+02,
          4.67815613e+02, 1.18272224e+02, 5.55220764e+02, 2.33071793e+02,
          6.45660461e+02, 3.52641022e+02, 7.38753052e+02, 4.76653076e+02,
          3.61676361e+02, 9.83975754e+01, 4.46815002e+02, 2.12243774e+02,
          5.35259399e+02, 3.31030914e+02, 6.26690186e+02, 4.54540619e+02,
          3.38884430e+02, 1.91759415e+02, 4.25027679e+02, 3.09623566e+02,
          5.14480774e+02, 4.32443268e+02, 6.06845764e+02, 5.59815918e+02,
          2.31729309e+02, 1.71659149e+02, 3.15307922e+02, 2.88499939e+02,
          4.02441925e+02, 4.10453827e+02, 4.92862427e+02, 5.37258484e+02 ]
   -
      - [ 1.76241974e+02, 5.01140747e+01, 3.27065796e+02, 6.23465157e+01,
          4.78850433e+02, 7.52837524e+01, 6.30878662e+02, 8.88772354e+01,
          2.42473816e+02, 1.22249390e+02, 3.95712128e+02, 1.35172256e+02,
          5.49586182e+02, 1.48720566e+02, 7.03329285e+02, 1.62806946e+02,
          1.56221603e+02, 1.83646561e+02, 3.10671234e+02, 1.96633041e+02,
          4.66200134e+02, 2.10190567e+02, 6.21980652e+02, 2.24260559e+02,
          2.23859695e+02, 2.59616913e+02, 3.80799225e+02, 2.73261261e+02,
          5.38444092e+02, 2.87367340e+02, 6.95909180e+02, 3.01831146e+02,
          1.35453888e+02, 3.24036499e+02, 2.93510681e+02, 3.37878082e+02,
          4.52783234e+02, 3.52098175e+02, 6.12317139e+02, 3.66622681e+02 ]
   -
      - [ 7.30860413e+02, 5.13460022e+02, 5.61675537e+02, 5.14745422e+02,
          3.89138824e+02, 5.16071533e+02, 2.14273224e+02, 5.17405029e+02,
          6.39378479e+02, 4.37750214e+02, 4.70992462e+02, 4.38390991e+02,
          2.99872040e+02, 4.39204376e+02, 1.27016899e+02, 4.40185059e+02,
          7.13724731e+02, 3.63919861e+02, 5.49608948e+02, 3.63769714e+02,
          3.82384064e+02, 3.63944519e+02, 2.13003815e+02, 3.64432800e+02,
          6.24967285e+02, 2.92233765e+02, 4.61762970e+02, 2.91669220e+02,
          2.96023010e+02, 2.91553833e+02, 1.28694870e+02, 2.91902740e+02,
          6.97098145e+02, 2.23745209e+02, 5.37984924e+02, 2.22392258e+02,
          3.76017151e+02, 2.21580414e+02, 2.12063156e+02, 2.21345032e+02 ]
   -
      - [ 7.42979736e+02, 5.04742249e+02, 5.77366882e+02, 5.00419952e+02,
          4.08816864e+02, 4.96076447e+02, 2.38276016e+02, 4.91729797e+02,
          6.56775940e+02, 4.26308075e+02, 4.91782196e+02, 4.21466431e+02,
          3.24399689e+02, 4.16753998e+02, 1.55559296e+02, 4.12199341e+02,
          7.33192322e+02, 3.54843292e+02, 5.71889221e+02, 3.49413513e+02,
          4.07841766e+02, 3.44229248e+02, 2.41926682e+02, 3.39322449e+02,
          6.49089844e+02, 2.79962250e+02, 4.88521576e+02, 2.74219055e+02,
          3.25718567e+02, 2.68858948e+02, 1.61550201e+02, 2.63923584e+02,
          7.23380737e+02, 2.13111282e+02, 5.66385986e+02, 2.06758484e+02,
          4.06847382e+02, 2.00862717e+02, 2.45563309e+02, 1.95483337e+02 ]
   -
