%YAML:1.0
cameraMatrix: !!opencv-matrix
   rows: 3
   cols: 3
   dt: d
   data: [ 7.7559393835204685e+02, 0., 4.0101939137937660e+02, 0.,
       7.7591413693870493e+02, 3.1621595419976006e+02, 0., 0., 1. ]
imageSize_width: 800
imageSize_height: 600
sensorSize_width: 0
sensorSize_height: 0
distCoeffs: !!opencv-matrix
   rows: 5
   cols: 1
   dt: d
   data: [ 4.0080941843984544e-02, -8.6135468949980282e-02,
       7.5664299214268363e-03, 1.7917270642318466e-04,
       -2.6891811095640306e-01 ]
reprojectionError: 1.6374261677265167e-01
features:
   -
      - [ 3.07393311e+02, 2.55774017e+02, 3.38443726e+02, 2.58505951e+02,
          3.69575836e+02, 2.61459839e+02, 4.00843719e+02, 2.63773346e+02,
          4.32392914e+02, 2.66949615e+02, 4.63820374e+02, 2.69569458e+02,
          4.95437744e+02, 2.72474304e+02, 5.27013123e+02, 2.75483215e+02,
          3.02525909e+02, 2.84257507e+02, 3.34225311e+02, 2.87135193e+02,
          3.65764038e+02, 2.89792480e+02, 3.97525787e+02, 2.92539185e+02,
          4.29453674e+02, 2.95635101e+02, 4.61559723e+02, 2.98572327e+02,
          4.93668304e+02, 3.01322845e+02, 5.25644592e+02, 3.04578064e+02,
          2.97598846e+02, 3.13665375e+02, 3.29651459e+02, 3.16494507e+02,
          3.61769989e+02, 3.19153137e+02, 3.94315338e+02, 3.21851318e+02,
          4.26687897e+02, 3.25361938e+02, 4.59263458e+02, 3.28405640e+02,
          4.91798279e+02, 3.31147217e+02, 5.24358093e+02, 3.34558746e+02,
          2.92545929e+02, 3.43899780e+02, 3.25220947e+02, 3.46720490e+02,
          3.57870026e+02, 3.49884277e+02, 3.90758759e+02, 3.52714600e+02,
          4.23748505e+02, 3.55678802e+02, 4.56826599e+02, 3.59259460e+02,
          4.90072113e+02, 3.62439423e+02, 5.23105774e+02, 3.65559601e+02,
          2.87404053e+02, 3.75291779e+02, 3.20556702e+02, 3.78436829e+02,
          3.53804413e+02, 3.81496185e+02, 3.87197754e+02, 3.84569000e+02,
          4.20724518e+02, 3.87847290e+02, 4.54399811e+02, 3.90842682e+02,
          4.88200043e+02, 3.94305786e+02, 5.21829285e+02, 3.97769012e+02 ]
   -
      - [ 3.64646637e+02, 2.14134369e+02, 3.92864929e+02, 2.24433090e+02,
          4.21227295e+02, 2.35127594e+02, 4.50170380e+02, 2.45348618e+02,
          4.79310272e+02, 2.56400543e+02, 5.08774200e+02, 2.67099518e+02,
          5.38935303e+02, 2.78132629e+02, 5.69256897e+02, 2.89443024e+02,
          3.52028748e+02, 2.39312225e+02, 3.80472717e+02, 2.49855194e+02,
          4.09219025e+02, 2.60632599e+02, 4.38402100e+02, 2.71250824e+02,
          4.67917389e+02, 2.82625610e+02, 4.97801544e+02, 2.93667206e+02,
          5.28348450e+02, 3.05029358e+02, 5.58940369e+02, 3.16789856e+02,
          3.38894165e+02, 2.65118439e+02, 3.67667328e+02, 2.76036041e+02,
          3.96760834e+02, 2.86650024e+02, 4.26404419e+02, 2.97818390e+02,
          4.56352264e+02, 3.09608948e+02, 4.86510040e+02, 3.21297974e+02,
          5.17454895e+02, 3.32758514e+02, 5.48318420e+02, 3.45049835e+02,
          3.25542725e+02, 2.91561523e+02, 3.54584290e+02, 3.02629883e+02,
          3.84031769e+02, 3.14231384e+02, 4.13947662e+02, 3.25597961e+02,
          4.44301514e+02, 3.37291504e+02, 4.74886658e+02, 3.49520813e+02,
          5.06119537e+02, 3.61748322e+02, 5.37496582e+02, 3.74074066e+02,
          3.11745667e+02, 3.18820465e+02, 3.41237274e+02, 3.30599487e+02,
          3.70939270e+02, 3.42297089e+02, 4.01193848e+02, 3.54220581e+02,
          4.31874481e+02, 3.66404572e+02, 4.62981781e+02, 3.78598633e+02,
          4.94510284e+02, 3.91272980e+02, 5.26306458e+02, 4.04151459e+02 ]
   -
      - [ 4.41849182e+02, 1.80703552e+02, 4.60699951e+02, 2.01404236e+02,
          4.80086182e+02, 2.22315170e+02, 4.99773926e+02, 2.43573074e+02,
          5.20191162e+02, 2.65783356e+02, 5.41048828e+02, 2.88302246e+02,
          5.62633789e+02, 3.11590912e+02, 5.84699402e+02, 3.35848358e+02,
          4.17981018e+02, 1.96722748e+02, 4.36633545e+02, 2.17714417e+02,
          4.55703857e+02, 2.38946838e+02, 4.75471680e+02, 2.60470001e+02,
          4.95582581e+02, 2.83285583e+02, 5.16305481e+02, 3.06292175e+02,
          5.37798218e+02, 3.29935211e+02, 5.59628113e+02, 3.54671478e+02,
          3.93615753e+02, 2.13150299e+02, 4.12251740e+02, 2.34248718e+02,
          4.31190887e+02, 2.55493195e+02, 4.50649536e+02, 2.77617950e+02,
          4.70649994e+02, 3.00957062e+02, 4.91234863e+02, 3.24608673e+02,
          5.12476196e+02, 3.48687042e+02, 5.34224731e+02, 3.74022339e+02,
          3.69051392e+02, 2.29247833e+02, 3.87407898e+02, 2.50765732e+02,
          4.06124817e+02, 2.72953247e+02, 4.25468719e+02, 2.95510437e+02,
          4.45388275e+02, 3.18737610e+02, 4.65713348e+02, 3.43297760e+02,
          4.86719879e+02, 3.68105682e+02, 5.08276917e+02, 3.93482880e+02,
          3.43935394e+02, 2.46204727e+02, 3.62220306e+02, 2.68188751e+02,
          3.80680206e+02, 2.90583984e+02, 3.99772125e+02, 3.13707123e+02,
          4.19519867e+02, 3.37669708e+02, 4.39715454e+02, 3.62114685e+02,
          4.60549194e+02, 3.87538086e+02, 4.81831970e+02, 4.13708405e+02 ]
   -
      - [ 4.73129608e+02, 2.20260742e+02, 4.82994781e+02, 2.45720581e+02,
          4.93276154e+02, 2.72304718e+02, 5.04028412e+02, 2.99299774e+02,
          5.14837585e+02, 3.27694580e+02, 5.26338623e+02, 3.56642456e+02,
          5.38127808e+02, 3.86958099e+02, 5.50316956e+02, 4.18323364e+02,
          4.44033936e+02, 2.27375626e+02, 4.53561859e+02, 2.53384766e+02,
          4.63462006e+02, 2.79956146e+02, 4.73676941e+02, 3.07184204e+02,
          4.84175171e+02, 3.35899139e+02, 4.95073669e+02, 3.65357056e+02,
          5.06452057e+02, 3.95718384e+02, 5.17899719e+02, 4.27554230e+02,
          4.14653290e+02, 2.34898407e+02, 4.23817291e+02, 2.60945374e+02,
          4.33323761e+02, 2.87392181e+02, 4.43178284e+02, 3.15156525e+02,
          4.53168640e+02, 3.44338806e+02, 4.63455536e+02, 3.74047058e+02,
          4.74364868e+02, 4.04724487e+02, 4.85387726e+02, 4.36889771e+02,
          3.85198181e+02, 2.42218292e+02, 3.93776581e+02, 2.68395996e+02,
          4.02787994e+02, 2.95610992e+02, 4.12107819e+02, 3.23619385e+02,
          4.21699402e+02, 3.52562561e+02, 4.31572754e+02, 3.83036743e+02,
          4.41893982e+02, 4.14228851e+02, 4.52482178e+02, 4.46442596e+02,
          3.55247009e+02, 2.49799454e+02, 3.63474426e+02, 2.76490936e+02,
          3.71888672e+02, 3.03790588e+02, 3.80758972e+02, 3.32073639e+02,
          3.89898315e+02, 3.61622620e+02, 3.99398682e+02, 3.91862732e+02,
          4.09080353e+02, 4.23449158e+02, 4.19210022e+02, 4.56212952e+02 ]
   -
      - [ 4.75443390e+02, 2.26004089e+02, 4.75444855e+02, 2.52634003e+02,
          4.75412231e+02, 2.80475800e+02, 4.75447937e+02, 3.08881897e+02,
          4.75392242e+02, 3.38699219e+02, 4.75400269e+02, 3.69217041e+02,
          4.75402039e+02, 4.01219543e+02, 4.75377716e+02, 4.34339966e+02,
          4.44787842e+02, 2.24761002e+02, 4.44362274e+02, 2.51448410e+02,
          4.43698517e+02, 2.78928009e+02, 4.43344818e+02, 3.07249786e+02,
          4.42662079e+02, 3.37138092e+02, 4.42029541e+02, 3.67648712e+02,
          4.41429077e+02, 3.99529175e+02, 4.40649933e+02, 4.32640228e+02,
          4.14377838e+02, 2.23429413e+02, 4.13329620e+02, 2.50104691e+02,
          4.12314819e+02, 2.77342529e+02, 4.11213135e+02, 3.05609619e+02,
          4.09967316e+02, 3.35641846e+02, 4.08603546e+02, 3.66375610e+02,
          4.07463074e+02, 3.98026947e+02, 4.06269501e+02, 4.31099518e+02,
          3.83895844e+02, 2.22064789e+02, 3.82212494e+02, 2.48548325e+02,
          3.80634216e+02, 2.76138153e+02, 3.78982269e+02, 3.04502808e+02,
          3.77300842e+02, 3.33867249e+02, 3.75540344e+02, 3.64892975e+02,
          3.73596222e+02, 3.96720398e+02, 3.71613403e+02, 4.29556061e+02,
          3.53503967e+02, 2.20717972e+02, 3.51375488e+02, 2.47449905e+02,
          3.49244568e+02, 2.74804047e+02, 3.46907623e+02, 3.03311951e+02,
          3.44678101e+02, 3.32843048e+02, 3.42225769e+02, 3.63322479e+02,
          3.39726074e+02, 3.95195068e+02, 3.37228271e+02, 4.28109497e+02 ]
   -
