<?xml version="1.0"?>
<opencv_storage>
<cameraMatrix type_id="opencv-matrix">
  <rows>3</rows>
  <cols>3</cols>
  <dt>d</dt>
  <data>
    8.4717925110263513e+02 0. 3.9972630902127935e+02 0.
    8.5493925130578657e+02 2.9848534760009181e+02 0. 0. 1.</data></cameraMatrix>
<imageSize_width>800</imageSize_width>
<imageSize_height>600</imageSize_height>
<sensorSize_width>0</sensorSize_width>
<sensorSize_height>0</sensorSize_height>
<distCoeffs type_id="opencv-matrix">
  <rows>5</rows>
  <cols>1</cols>
  <dt>d</dt>
  <data>
    -7.2198012185382673e-02 2.3797787591895485e+00
    1.0201817436593400e-02 -8.3292375780707366e-04
    -9.8198061374518009e+00</data></distCoeffs>
<reprojectionError>1.3784223794937134e-01</reprojectionError>
<features>
  <_>
    <_>
      3.01250946e+02 2.92043671e+02 3.32522888e+02 2.92987366e+02
      3.63858246e+02 2.93790619e+02 3.95650482e+02 2.94573517e+02
      4.27558685e+02 2.95709351e+02 4.59528625e+02 2.96676697e+02
      4.91756134e+02 2.97612000e+02 5.24333069e+02 2.98592865e+02
      2.97432770e+02 3.21092499e+02 3.29350067e+02 3.22195831e+02
      3.61252380e+02 3.23271759e+02 3.93518829e+02 3.24024323e+02
      4.26014160e+02 3.25421417e+02 4.58578461e+02 3.26376740e+02
      4.91497955e+02 3.27304443e+02 5.24415283e+02 3.28568298e+02
      2.93571045e+02 3.51406128e+02 3.26042084e+02 3.52515869e+02
      3.58513519e+02 3.53436707e+02 3.91435455e+02 3.54412201e+02
      4.24481506e+02 3.55740143e+02 4.57628448e+02 3.57093323e+02
      4.91156738e+02 3.57923035e+02 5.24604736e+02 3.59612885e+02
      2.89676819e+02 3.82433380e+02 3.22695038e+02 3.83510284e+02
      3.55614227e+02 3.84877441e+02 3.89304077e+02 3.86042480e+02
      4.22665375e+02 3.87263763e+02 4.56652130e+02 3.88659973e+02
      4.90621124e+02 3.90100281e+02 5.24752441e+02 3.91518616e+02
      2.85576752e+02 4.14783020e+02 3.19173706e+02 4.16223114e+02
      3.52893738e+02 4.17525116e+02 3.86758636e+02 4.18869324e+02
      4.21243835e+02 4.20384857e+02 4.55622528e+02 4.21621582e+02
      4.90436066e+02 4.23218994e+02 5.25093506e+02 4.25053009e+02</_></_>
  <_>
    <_>
      3.01289612e+02 2.91943329e+02 3.32628174e+02 2.93048065e+02
      3.64127075e+02 2.93885498e+02 3.95769836e+02 2.94620056e+02
      4.27628662e+02 2.95788147e+02 4.59648376e+02 2.96645691e+02
      4.91933838e+02 2.97604797e+02 5.24411987e+02 2.98628998e+02
      2.97464264e+02 3.21117462e+02 3.29394104e+02 3.22237000e+02
      3.61300751e+02 3.23308716e+02 3.93625244e+02 3.24007416e+02
      4.26072449e+02 3.25405975e+02 4.58699951e+02 3.26356812e+02
      4.91576111e+02 3.27292694e+02 5.24549011e+02 3.28594727e+02
      2.93604095e+02 3.51343628e+02 3.26218140e+02 3.52477386e+02
      3.58590332e+02 3.53373169e+02 3.91403503e+02 3.54409821e+02
      4.24552979e+02 3.55759094e+02 4.57675995e+02 3.57146729e+02
      4.91278625e+02 3.57951843e+02 5.24661072e+02 3.59539154e+02
      2.89702393e+02 3.82497772e+02 3.22758148e+02 3.83634583e+02
      3.55884186e+02 3.84866089e+02 3.89214935e+02 3.86154541e+02
      4.22939545e+02 3.87268890e+02 4.56651947e+02 3.88802917e+02
      4.90735229e+02 3.90236603e+02 5.24840576e+02 3.91553680e+02
      2.85615997e+02 4.14826080e+02 3.19210602e+02 4.16244598e+02
      3.53189178e+02 4.17537781e+02 3.87009735e+02 4.18889069e+02
      4.21303070e+02 4.20386566e+02 4.55630768e+02 4.21617004e+02
      4.90452423e+02 4.23263702e+02 5.25190247e+02 4.25010864e+02</_></_>
  <_>
    <_>
      3.01283691e+02 2.91939636e+02 3.32631287e+02 2.93044189e+02
      3.64171906e+02 2.93850281e+02 3.95802826e+02 2.94600220e+02
      4.27672699e+02 2.95736542e+02 4.59677185e+02 2.96627014e+02
      4.91976135e+02 2.97565216e+02 5.24445679e+02 2.98614380e+02
      2.97503143e+02 3.21107391e+02 3.29415192e+02 3.22215637e+02
      3.61322144e+02 3.23290131e+02 3.93643982e+02 3.23966583e+02
      4.26076813e+02 3.25408356e+02 4.58745667e+02 3.26342468e+02
      4.91602112e+02 3.27252197e+02 5.24568848e+02 3.28557037e+02
      2.93626404e+02 3.51336487e+02 3.26196686e+02 3.52470917e+02
      3.58595490e+02 3.53372681e+02 3.91424103e+02 3.54392517e+02
      4.24561279e+02 3.55741638e+02 4.57722412e+02 3.57121826e+02
      4.91302063e+02 3.57991608e+02 5.24687195e+02 3.59525940e+02
      2.89726013e+02 3.82491516e+02 3.22767456e+02 3.83636597e+02
      3.55939117e+02 3.84835693e+02 3.89250305e+02 3.86125610e+02
      4.22922821e+02 3.87244995e+02 4.56692444e+02 3.88803680e+02
      4.90752838e+02 3.90174225e+02 5.24907593e+02 3.91514893e+02
      2.85647461e+02 4.14811493e+02 3.19222748e+02 4.16230713e+02
      3.53198151e+02 4.17501038e+02 3.87043518e+02 4.18833923e+02
      4.21299683e+02 4.20383057e+02 4.55653900e+02 4.21593323e+02
      4.90482269e+02 4.23267456e+02 5.25232544e+02 4.24981445e+02</_></_>
  <_>
    <_>
      3.01316650e+02 2.91907776e+02 3.32629333e+02 2.92987213e+02
      3.64217651e+02 2.93814545e+02 3.95810120e+02 2.94578979e+02
      4.27679108e+02 2.95684174e+02 4.59687195e+02 2.96604065e+02
      4.92006134e+02 2.97568939e+02 5.24474365e+02 2.98574371e+02
      2.97557159e+02 3.21060120e+02 3.29431641e+02 3.22182373e+02
      3.61342041e+02 3.23295258e+02 3.93655579e+02 3.23963379e+02
      4.26136688e+02 3.25395874e+02 4.58751740e+02 3.26335907e+02
      4.91616272e+02 3.27246887e+02 5.24591919e+02 3.28533203e+02
      2.93623688e+02 3.51304565e+02 3.26232635e+02 3.52457520e+02
      3.58619232e+02 3.53339142e+02 3.91430267e+02 3.54348053e+02
      4.24587311e+02 3.55719879e+02 4.57742950e+02 3.57101501e+02
      4.91313751e+02 3.57886505e+02 5.24687561e+02 3.59503906e+02
      2.89748047e+02 3.82457397e+02 3.22748077e+02 3.83634918e+02
      3.55939240e+02 3.84820251e+02 3.89301849e+02 3.86063904e+02
      4.22964355e+02 3.87234222e+02 4.56695404e+02 3.88753693e+02
      4.90757111e+02 3.90138977e+02 5.24920471e+02 3.91532715e+02
      2.85651337e+02 4.14825195e+02 3.19255737e+02 4.16182831e+02
      3.53193115e+02 4.17510101e+02 3.87073669e+02 4.18822754e+02
      4.21335236e+02 4.20364960e+02 4.55697906e+02 4.21590363e+02
      4.90487396e+02 4.23257355e+02 5.25268860e+02 4.24991150e+02</_></_>
  <_>
    <_>
      3.01299713e+02 2.91865204e+02 3.32656494e+02 2.92893768e+02
      3.64222382e+02 2.93788574e+02 3.95814026e+02 2.94531860e+02
      4.27681976e+02 2.95637146e+02 4.59726074e+02 2.96569153e+02
      4.92053223e+02 2.97546631e+02 5.24493591e+02 2.98559174e+02
      2.97476257e+02 3.21008575e+02 3.29458466e+02 3.22173004e+02
      3.61320679e+02 3.23232849e+02 3.93648041e+02 3.23943542e+02
      4.26097015e+02 3.25372253e+02 4.58775818e+02 3.26275330e+02
      4.91624878e+02 3.27189514e+02 5.24613953e+02 3.28497131e+02
      2.93627014e+02 3.51302155e+02 3.26246460e+02 3.52450623e+02
      3.58634125e+02 3.53326233e+02 3.91458008e+02 3.54346619e+02
      4.24594086e+02 3.55705688e+02 4.57765472e+02 3.57034149e+02
      4.91340820e+02 3.57858490e+02 5.24702515e+02 3.59463470e+02
      2.89745331e+02 3.82445312e+02 3.22806702e+02 3.83596649e+02
      3.55913879e+02 3.84748444e+02 3.89298889e+02 3.85987579e+02
      4.22962372e+02 3.87208374e+02 4.56726471e+02 3.88741791e+02
      4.90759949e+02 3.90100006e+02 5.25002930e+02 3.91484650e+02
      2.85646698e+02 4.14774750e+02 3.19214813e+02 4.16183563e+02
      3.53234680e+02 4.17491608e+02 3.87086212e+02 4.18779297e+02
      4.21347626e+02 4.20308655e+02 4.55690765e+02 4.21570648e+02
      4.90505066e+02 4.23215729e+02 5.25275024e+02 4.24875305e+02</_></_>
  <_>
    <_>
      3.01324860e+02 2.91870361e+02 3.32655548e+02 2.92868530e+02
      3.64247589e+02 2.93757935e+02 3.95833435e+02 2.94536713e+02
      4.27702332e+02 2.95621552e+02 4.59713409e+02 2.96584869e+02
      4.92033173e+02 2.97517944e+02 5.24506470e+02 2.98573486e+02
      2.97531158e+02 3.20938354e+02 3.29435516e+02 3.22092987e+02
      3.61359314e+02 3.23216675e+02 3.93653442e+02 3.23946259e+02
      4.26187958e+02 3.25361725e+02 4.58786255e+02 3.26267181e+02
      4.91617218e+02 3.27171783e+02 5.24598267e+02 3.28483063e+02
