%YAML:1.0
Rotation_Vector: !!opencv-matrix
   rows: 3
   cols: 1
   dt: d
   data: [ 1.6984474544432768e-01, -3.8975200648472152e-02,
       -1.1297623269936569e-01 ]
Translation_Vector: !!opencv-matrix
   rows: 3
   cols: 1
   dt: d
   data: [ 4.8115878340634417e+00, -2.4826402095324746e-01,
       1.7924765110783627e+00 ]
